 0.000000E+000  -4.193081E-001   2.181409E+000
 1.000000E+000  -3.928602E-001  -5.784077E-001
 2.000000E+000  -3.645236E-001  -2.168885E+000
 3.000000E+000  -3.343698E-001  -2.268292E+000
 4.000000E+000  -3.024860E-001  -1.875124E+000
 5.000000E+000  -2.689746E-001   2.802405E+000
 6.000000E+000  -2.339526E-001   1.694668E+000
 7.000000E+000  -1.975509E-001  -1.419712E+000
 8.000000E+000  -1.599130E-001   4.885327E-001
 9.000000E+000  -1.211939E-001  -1.172240E+000
 1.000000E+001  -8.155864E-002   4.934674E-001
 1.100000E+001  -4.118058E-002   2.233315E-001
 1.200000E+001  -2.397523E-004  -7.672711E-001
 1.300000E+001   4.107909E-002  -3.714914E-001
 1.400000E+001   8.258838E-002   5.032034E-001
 1.500000E+001   1.240997E-001   2.766976E+000
 1.600000E+001   1.654259E-001   3.220342E+000
 1.700000E+001   2.063826E-001  -1.367678E+000
 1.800000E+001   2.467908E-001   1.708824E+000
 1.900000E+001   2.864778E-001   2.424346E-002
 2.000000E+001   3.252794E-001  -2.856718E+000
 2.100000E+001   3.630410E-001   7.097677E-002
 2.200000E+001   3.996194E-001  -1.189193E-001
 2.300000E+001   4.348830E-001  -2.347125E+000
 2.400000E+001   4.687136E-001  -3.855194E+000
 2.500000E+001   5.010063E-001   1.609604E+000
 2.600000E+001   5.316705E-001   4.921834E-001
 2.700000E+001   5.606298E-001  -1.661664E+000
 2.800000E+001   5.878220E-001  -5.087636E-001
 2.900000E+001   6.131993E-001  -5.335838E-001
 3.000000E+001   6.367274E-001  -3.892812E+000
 3.100000E+001   6.583858E-001  -3.907911E+000
 3.200000E+001   6.781662E-001  -5.844660E+000
 3.300000E+001   6.960728E-001  -1.142360E+001
 3.400000E+001   7.121207E-001  -1.077938E+001
 3.500000E+001   7.263353E-001  -2.093015E+001
 3.600000E+001   7.387513E-001  -2.171409E+001
 3.700000E+001   7.494119E-001  -2.504808E+001
 3.800000E+001   7.583676E-001  -2.760581E+001
 3.900000E+001   7.656753E-001  -3.664343E+001
 4.000000E+001   7.713974E-001  -4.003545E+001
 4.100000E+001   7.756006E-001  -5.649607E+001
 4.200000E+001   7.783552E-001  -6.434207E+001
 4.300000E+001   7.797345E-001  -7.368129E+001
 4.400000E+001   7.798134E-001  -8.942147E+001
 4.500000E+001   7.786681E-001  -1.038695E+002
 4.600000E+001   7.763755E-001  -1.093078E+002
 4.700000E+001   7.730121E-001  -1.098199E+002
 4.800000E+001   7.686539E-001  -1.004581E+002
 4.900000E+001   7.633759E-001  -8.473180E+001
 5.000000E+001   7.572514E-001  -5.650165E+001
 5.100000E+001   7.503519E-001  -2.143225E+001
 5.200000E+001   7.427467E-001   2.008653E+001
 5.300000E+001   7.345024E-001   6.111575E+001
 5.400000E+001   7.256835E-001   9.912512E+001
 5.500000E+001   7.163511E-001   1.259909E+002
 5.600000E+001   7.065637E-001   1.406086E+002
 5.700000E+001   6.963770E-001   1.443056E+002
 5.800000E+001   6.858432E-001   1.474688E+002
 5.900000E+001   6.750119E-001   1.416543E+002
 6.000000E+001   6.639294E-001   1.286714E+002
 6.100000E+001   6.526392E-001   1.179728E+002
 6.200000E+001   6.411818E-001   1.066401E+002
 6.300000E+001   6.295949E-001   9.634478E+001
 6.400000E+001   6.179133E-001   7.962041E+001
 6.500000E+001   6.061693E-001   7.485749E+001
 6.600000E+001   5.943926E-001   6.598352E+001
 6.700000E+001   5.826103E-001   5.306765E+001
 6.800000E+001   5.708474E-001   5.045003E+001
 6.900000E+001   5.591264E-001   4.413726E+001
 7.000000E+001   5.474680E-001   3.665786E+001
 7.100000E+001   5.358906E-001   3.286162E+001
 7.200000E+001   5.244110E-001   2.601723E+001
 7.300000E+001   5.130441E-001   2.768559E+001
 7.400000E+001   5.018031E-001   2.402714E+001
 7.500000E+001   4.906999E-001   2.575481E+001
 7.600000E+001   4.797447E-001   1.951376E+001
 7.700000E+001   4.689465E-001   1.646607E+001
 7.800000E+001   4.583132E-001   1.554030E+001
 7.900000E+001   4.478513E-001   1.354109E+001
 8.000000E+001   4.375665E-001   1.595755E+001
 8.100000E+001   4.274633E-001   8.933461E+000
 8.200000E+001   4.175456E-001   1.024880E+001
 8.300000E+001   4.078163E-001   6.754649E+000
 8.400000E+001   3.982775E-001   8.158865E+000
 8.500000E+001   3.889308E-001   6.326003E+000
 8.600000E+001   3.797772E-001   5.950168E+000
 8.700000E+001   3.708169E-001   3.785747E+000
 8.800000E+001   3.620499E-001   5.367370E+000
 8.900000E+001   3.534757E-001   7.832332E+000
 9.000000E+001   3.450931E-001   1.046807E+000
 9.100000E+001   3.369010E-001   3.557235E+000
 9.200000E+001   3.288976E-001   4.676207E+000
 9.300000E+001   3.210810E-001   4.397777E+000
 9.400000E+001   3.134491E-001   3.096349E+000
 9.500000E+001   3.059994E-001   4.052166E+000
 9.600000E+001   2.987294E-001   3.985262E+000
 9.700000E+001   2.916364E-001   4.713480E+000
 9.800000E+001   2.847174E-001   1.951569E+000
 9.900000E+001   2.779694E-001   7.368909E+000
 1.000000E+002   2.713894E-001   2.247412E+000
